
原始网络为：
1  2  3  4  5  6  7  8  9  10  11  12  13  14  15  16  17  18  19  20  21  22  23  24  25  26  27  28  29  30  31  32  33  34  


经程序分析，原始网络极有可能分裂为3个集团：

集团1：25  26  28  29  32  
集团2：1  2  3  4  5  6  7  8  11  12  13  14  17  18  20  22  
集团3：9  10  15  16  19  21  23  24  27  30  31  33  34  


导致分裂的关键边和分裂的过程为：


在原始网络的基础上去掉边(介数最大的边)：v(1,32),v(1,9),v(1,3),v(20,34),v(2,31),v(3,33),v(3,9),v(29,34),v(3,28),v(3,29),
将分裂为2个集团，分裂后的情况为：
集团1：9  10  15  16  19  21  23  24  25  26  27  28  29  30  31  32  33  34  
集团2：1  2  3  4  5  6  7  8  11  12  13  14  17  18  20  22  

再去掉边(介数最大的边)：v(32,34),v(32,33),v(24,28),v(24,26),
将分裂为3个集团，分裂后的情况为：
集团1：25  26  28  29  32  
集团2：1  2  3  4  5  6  7  8  11  12  13  14  17  18  20  22  
集团3：9  10  15  16  19  21  23  24  27  30  31  33  34  

但是现实生活中真正的结果可能是上述分裂过程中情况中的其中一种，请用户斟酌。